0.182924,0.947406,0.262603,-0.057202,-0.770993,-0.027494,0.636250,0.180263,0.610008,-0.318850,0.725414,0.192676,0.000000,0.000000,0.000000,1.000000
0.182101,0.947440,0.263052,-0.056755,-0.771271,-0.028307,0.635877,0.180152,0.609901,-0.318679,0.725578,0.192765,0.000000,0.000000,0.000000,1.000000
0.181919,0.948234,0.260302,-0.056396,-0.770304,-0.027109,0.637101,0.180048,0.611177,-0.316412,0.725497,0.192699,0.000000,0.000000,0.000000,1.000000
0.182005,0.949156,0.256860,-0.056022,-0.768778,-0.025512,0.639007,0.179838,0.613070,-0.313771,0.725047,0.192636,0.000000,0.000000,0.000000,1.000000
0.181974,0.949684,0.254922,-0.055577,-0.767347,-0.024959,0.640746,0.179593,0.614869,-0.312213,0.724196,0.192593,0.000000,0.000000,0.000000,1.000000
0.181191,0.949794,0.255070,-0.055006,-0.766527,-0.026096,0.641682,0.179333,0.616122,-0.311785,0.723315,0.192578,0.000000,0.000000,0.000000,1.000000
0.179895,0.950072,0.254954,-0.054318,-0.766209,-0.027205,0.642015,0.179111,0.616896,-0.310843,0.723060,0.192609,0.000000,0.000000,0.000000,1.000000
0.178521,0.950977,0.252532,-0.053468,-0.765933,-0.026796,0.642362,0.179247,0.617638,-0.308098,0.723601,0.192780,0.000000,0.000000,0.000000,1.000000
0.176864,0.952405,0.248280,-0.052592,-0.765442,-0.025478,0.643001,0.179206,0.618723,-0.303768,0.724505,0.192864,0.000000,0.000000,0.000000,1.000000
0.175131,0.954169,0.242673,-0.051686,-0.764237,-0.023646,0.644502,0.179052,0.620702,-0.298332,0.725070,0.192850,0.000000,0.000000,0.000000,1.000000
0.173426,0.955925,0.236920,-0.050769,-0.762557,-0.021899,0.646551,0.178845,0.623242,-0.292794,0.725149,0.192751,0.000000,0.000000,0.000000,1.000000
0.171620,0.957295,0.232667,-0.049832,-0.761347,-0.021004,0.648004,0.178660,0.625218,-0.288350,0.725229,0.192629,0.000000,0.000000,0.000000,1.000000
0.169677,0.958202,0.230343,-0.048853,-0.761013,-0.021109,0.648393,0.178529,0.626154,-0.285311,0.725623,0.192522,0.000000,0.000000,0.000000,1.000000
0.167761,0.958708,0.229642,-0.047763,-0.761404,-0.021959,0.647906,0.178190,0.626195,-0.283544,0.726280,0.192349,0.000000,0.000000,0.000000,1.000000
0.166141,0.959155,0.228952,-0.046661,-0.761613,-0.022668,0.647636,0.178002,0.626373,-0.281972,0.726738,0.192185,0.000000,0.000000,0.000000,1.000000
0.163058,0.960750,0.224435,-0.044332,-0.760776,-0.022403,0.648628,0.177770,0.628197,-0.276509,0.727263,0.191761,0.000000,0.000000,0.000000,1.000000
0.161279,0.961741,0.221456,-0.043084,-0.760273,-0.022002,0.649231,0.177689,0.629265,-0.273074,0.727638,0.191554,0.000000,0.000000,0.000000,1.000000
0.159277,0.962638,0.218993,-0.041779,-0.760307,-0.021888,0.649195,0.177651,0.629734,-0.269904,0.728414,0.191393,0.000000,0.000000,0.000000,1.000000
0.157026,0.963450,0.217041,-0.040420,-0.760855,-0.022095,0.648545,0.177655,0.629637,-0.266975,0.729577,0.191273,0.000000,0.000000,0.000000,1.000000
0.154482,0.964356,0.214832,-0.038834,-0.761563,-0.022295,0.647708,0.177413,0.629411,-0.263667,0.730973,0.191237,0.000000,0.000000,0.000000,1.000000
0.151981,0.965374,0.212024,-0.037298,-0.761684,-0.022311,0.647564,0.177328,0.629872,-0.259913,0.731920,0.191141,0.000000,0.000000,0.000000,1.000000
0.149535,0.966424,0.208958,-0.035782,-0.761567,-0.022208,0.647705,0.177285,0.630599,-0.255991,0.732676,0.191029,0.000000,0.000000,0.000000,1.000000
0.147001,0.967415,0.206152,-0.034272,-0.761704,-0.022246,0.647543,0.177263,0.631029,-0.252216,0.733614,0.190935,0.000000,0.000000,0.000000,1.000000
0.144374,0.968276,0.203956,-0.032765,-0.762236,-0.022610,0.646905,0.177254,0.630994,-0.248859,0.734790,0.190859,0.000000,0.000000,0.000000,1.000000
0.141755,0.969047,0.202122,-0.031696,-0.763209,-0.023043,0.645740,0.177055,0.630410,-0.245798,0.736319,0.190504,0.000000,0.000000,0.000000,1.000000
0.139329,0.969765,0.200357,-0.030357,-0.763735,-0.023552,0.645100,0.176947,0.630314,-0.242900,0.737362,0.190305,0.000000,0.000000,0.000000,1.000000
0.137131,0.970547,0.198075,-0.028919,-0.763688,-0.023762,0.645148,0.176822,0.630853,-0.239738,0.737937,0.190125,0.000000,0.000000,0.000000,1.000000
0.134965,0.971394,0.195395,-0.027442,-0.763572,-0.023709,0.645288,0.176673,0.631461,-0.236290,0.738529,0.189949,0.000000,0.000000,0.000000,1.000000
0.132638,0.972273,0.192594,-0.025933,-0.763553,-0.023663,0.645312,0.176507,0.631976,-0.232649,0.739243,0.189763,0.000000,0.000000,0.000000,1.000000
0.130421,0.973157,0.189621,-0.024413,-0.763510,-0.023427,0.645371,0.176332,0.632490,-0.228947,0.739959,0.189552,0.000000,0.000000,0.000000,1.000000
0.128317,0.974063,0.186378,-0.023166,-0.763591,-0.022880,0.645295,0.176068,0.632822,-0.225119,0.740850,0.189063,0.000000,0.000000,0.000000,1.000000
0.125999,0.975013,0.182956,-0.021683,-0.763727,-0.022365,0.645152,0.175879,0.633123,-0.221017,0.741826,0.188732,0.000000,0.000000,0.000000,1.000000
0.123476,0.975969,0.179548,-0.020086,-0.763967,-0.021983,0.644881,0.175689,0.633331,-0.216796,0.742894,0.188450,0.000000,0.000000,0.000000,1.000000
0.120973,0.976913,0.176084,-0.018456,-0.764044,-0.021609,0.644802,0.175444,0.633721,-0.212540,0.743791,0.188150,0.000000,0.000000,0.000000,1.000000
0.118334,0.977954,0.172055,-0.016809,-0.763828,-0.021066,0.645076,0.175106,0.634479,-0.207755,0.744496,0.187803,0.000000,0.000000,0.000000,1.000000
0.115186,0.979222,0.166905,-0.015138,-0.763278,-0.020281,0.645752,0.174677,0.635719,-0.201776,0.745082,0.187414,0.000000,0.000000,0.000000,1.000000
0.111601,0.980637,0.160921,-0.013476,-0.762403,-0.019375,0.646813,0.174198,0.637407,-0.194872,0.745478,0.186989,0.000000,0.000000,0.000000,1.000000
0.107738,0.982001,0.155132,-0.012256,-0.761660,-0.018758,0.647705,0.173585,0.638957,-0.187940,0.745930,0.186476,0.000000,0.000000,0.000000,1.000000
0.104097,0.983069,0.150797,-0.010826,-0.761425,-0.018769,0.647981,0.173107,0.639840,-0.182273,0.746579,0.186037,0.000000,0.000000,0.000000,1.000000
0.100598,0.983740,0.148782,-0.009348,-0.762009,-0.019968,0.647258,0.172684,0.639705,-0.178486,0.747610,0.185641,0.000000,0.000000,0.000000,1.000000
0.097377,0.984092,0.148596,-0.007847,-0.762934,-0.022066,0.646099,0.172268,0.639100,-0.176284,0.748649,0.185259,0.000000,0.000000,0.000000,1.000000
0.094437,0.984294,0.149155,-0.006314,-0.763398,-0.024567,0.645460,0.171828,0.638987,-0.174819,0.749088,0.184858,0.000000,0.000000,0.000000,1.000000
0.091722,0.984578,0.148977,-0.004743,-0.763132,-0.026608,0.645695,0.171382,0.639701,-0.172914,0.748922,0.184445,0.000000,0.000000,0.000000,1.000000
0.089317,0.984951,0.147965,-0.003143,-0.762309,-0.028009,0.646607,0.170951,0.641021,-0.170548,0.748336,0.184044,0.000000,0.000000,0.000000,1.000000
0.087027,0.985331,0.146799,-0.001506,-0.761554,-0.029197,0.647444,0.170548,0.642232,-0.168141,0.747841,0.183684,0.000000,0.000000,0.000000,1.000000
0.084946,0.985663,0.145780,0.000131,-0.761073,-0.030243,0.647961,0.170190,0.643080,-0.165991,0.747593,0.183396,0.000000,0.000000,0.000000,1.000000
0.083215,0.986026,0.144322,0.001769,-0.760843,-0.030666,0.648212,0.169888,0.643579,-0.163747,0.747658,0.183155,0.000000,0.000000,0.000000,1.000000
0.081632,0.986436,0.142406,0.003443,-0.760925,-0.030595,0.648118,0.169652,0.643684,-0.161267,0.748107,0.182947,0.000000,0.000000,0.000000,1.000000
0.080043,0.986827,0.140592,0.005199,-0.761342,-0.030513,0.647632,0.169465,0.643390,-0.158877,0.748871,0.182764,0.000000,0.000000,0.000000,1.000000
0.078221,0.987199,0.138991,0.007065,-0.762067,-0.030679,0.646771,0.169307,0.642756,-0.156512,0.749913,0.182615,0.000000,0.000000,0.000000,1.000000
0.076115,0.987565,0.137558,0.009470,-0.763456,-0.031016,0.645114,0.169236,0.641359,-0.154123,0.751602,0.182778,0.000000,0.000000,0.000000,1.000000
0.074134,0.987982,0.135628,0.011584,-0.764847,-0.030943,0.643468,0.169163,0.639932,-0.151438,0.753362,0.182778,0.000000,0.000000,0.000000,1.000000
0.072241,0.988485,0.132959,0.013604,-0.766061,-0.030375,0.642050,0.169084,0.638695,-0.148237,0.755046,0.182694,0.000000,0.000000,0.000000,1.000000
0.070277,0.989078,0.129562,0.015639,-0.766855,-0.029498,0.641142,0.168969,0.637961,-0.144413,0.756406,0.182536,0.000000,0.000000,0.000000,1.000000
0.068221,0.989636,0.126357,0.017739,-0.767311,-0.028900,0.640624,0.168804,0.637636,-0.140659,0.757387,0.182318,0.000000,0.000000,0.000000,1.000000
0.065966,0.990076,0.124089,0.019932,-0.767734,-0.029075,0.640109,0.168607,0.637364,-0.137493,0.758197,0.182065,0.000000,0.000000,0.000000,1.000000
0.063546,0.990458,0.122286,0.022193,-0.768052,-0.029703,0.639698,0.168386,0.637227,-0.134572,0.758836,0.181772,0.000000,0.000000,0.000000,1.000000
0.060960,0.990860,0.120336,0.024505,-0.768271,-0.030387,0.639404,0.168153,0.637216,-0.131429,0.759396,0.181440,0.000000,0.000000,0.000000,1.000000
0.058694,0.991281,0.117969,0.026829,-0.768362,-0.030584,0.639285,0.167918,0.637319,-0.128165,0.759867,0.181058,0.000000,0.000000,0.000000,1.000000
0.057020,0.991662,0.115563,0.029157,-0.768366,-0.030319,0.639292,0.167675,0.637466,-0.125247,0.760231,0.180630,0.000000,0.000000,0.000000,1.000000
0.055728,0.991963,0.113595,0.031529,-0.768281,-0.030060,0.639406,0.167406,0.637682,-0.122906,0.760431,0.180173,0.000000,0.000000,0.000000,1.000000
0.054538,0.992207,0.112035,0.033967,-0.767927,-0.030036,0.639833,0.167105,0.638212,-0.120930,0.760304,0.179684,0.000000,0.000000,0.000000,1.000000
0.053172,0.992415,0.110839,0.036449,-0.767512,-0.030392,0.640313,0.166807,0.638825,-0.119117,0.760075,0.179171,0.000000,0.000000,0.000000,1.000000
0.051422,0.992594,0.110058,0.038986,-0.767368,-0.031258,0.640445,0.166551,0.639142,-0.117388,0.760077,0.178647,0.000000,0.000000,0.000000,1.000000
0.049207,0.992797,0.109239,0.041587,-0.767268,-0.032447,0.640505,0.166307,0.639436,-0.115333,0.760145,0.178089,0.000000,0.000000,0.000000,1.000000
0.046654,0.993084,0.107743,0.044242,-0.766806,-0.033521,0.641004,0.166044,0.640182,-0.112523,0.759938,0.177475,0.000000,0.000000,0.000000,1.000000
0.043873,0.993483,0.105200,0.046928,-0.766021,-0.034143,0.641909,0.165778,0.641317,-0.108748,0.759530,0.176829,0.000000,0.000000,0.000000,1.000000
0.040843,0.993925,0.102201,0.049640,-0.765351,-0.034633,0.642680,0.165552,0.642315,-0.104469,0.759287,0.176186,0.000000,0.000000,0.000000,1.000000
0.037736,0.994276,0.099953,0.052386,-0.765451,-0.035539,0.642512,0.165416,0.642386,-0.100755,0.759729,0.175585,0.000000,0.000000,0.000000,1.000000
0.034519,0.994537,0.098515,0.055193,-0.766614,-0.036892,0.641048,0.165360,0.641180,-0.097651,0.761152,0.175060,0.000000,0.000000,0.000000,1.000000
0.031412,0.994737,0.097525,0.058038,-0.768265,-0.038386,0.638980,0.165332,0.639361,-0.094997,0.763016,0.174576,0.000000,0.000000,0.000000,1.000000
0.028745,0.994904,0.096641,0.060859,-0.769865,-0.039630,0.636975,0.165287,0.637559,-0.092710,0.764802,0.174078,0.000000,0.000000,0.000000,1.000000
0.026494,0.995120,0.095044,0.063636,-0.770973,-0.040180,0.635599,0.165199,0.636316,-0.090116,0.766147,0.173536,0.000000,0.000000,0.000000,1.000000
0.024151,0.995449,0.092190,0.066648,-0.771348,-0.040108,0.635149,0.165302,0.635956,-0.086450,0.766868,0.174115,0.000000,0.000000,0.000000,1.000000
0.021634,0.995798,0.088984,0.069537,-0.771028,-0.040041,0.635541,0.165206,0.636433,-0.082358,0.766922,0.173888,0.000000,0.000000,0.000000,1.000000
0.018818,0.996094,0.086276,0.072391,-0.770816,-0.040504,0.635769,0.165054,0.636780,-0.078467,0.767042,0.173396,0.000000,0.000000,0.000000,1.000000
0.015911,0.996361,0.083739,0.075197,-0.770968,-0.041103,0.635546,0.164907,0.636675,-0.074673,0.767508,0.172836,0.000000,0.000000,0.000000,1.000000
0.013163,0.996679,0.080360,0.077943,-0.771072,-0.041050,0.635423,0.164775,0.636611,-0.070328,0.767971,0.172250,0.000000,0.000000,0.000000,1.000000
0.010447,0.997052,0.076012,0.080656,-0.770824,-0.040392,0.635766,0.164647,0.636962,-0.065234,0.768130,0.171651,0.000000,0.000000,0.000000,1.000000
0.007746,0.997398,0.071679,0.083371,-0.770193,-0.039766,0.636570,0.164504,0.637764,-0.060138,0.767881,0.171056,0.000000,0.000000,0.000000,1.000000
0.004864,0.997654,0.068278,0.086117,-0.769336,-0.039885,0.637598,0.164347,0.638826,-0.055630,0.767338,0.170475,0.000000,0.000000,0.000000,1.000000
0.001949,0.997850,0.065512,0.088896,-0.769021,-0.040381,0.637947,0.164232,0.639221,-0.051623,0.767289,0.169979,0.000000,0.000000,0.000000,1.000000
-0.000962,0.998033,0.062686,0.091693,-0.769383,-0.040782,0.637484,0.164184,0.638787,-0.047616,0.767909,0.169580,0.000000,0.000000,0.000000,1.000000
-0.003967,0.998218,0.059534,0.094509,-0.770107,-0.041027,0.636594,0.164177,0.637902,-0.043322,0.768898,0.169234,0.000000,0.000000,0.000000,1.000000
-0.007018,0.998399,0.056120,0.097350,-0.770749,-0.041157,0.635808,0.164175,0.637100,-0.038792,0.769805,0.168891,0.000000,0.000000,0.000000,1.000000
-0.010328,0.998571,0.052427,0.100227,-0.771133,-0.041331,0.635331,0.164151,0.636590,-0.033866,0.770458,0.168527,0.000000,0.000000,0.000000,1.000000
-0.013969,0.998727,0.048479,0.103480,-0.771420,-0.041612,0.634965,0.164213,0.636173,-0.028528,0.771019,0.169096,0.000000,0.000000,0.000000,1.000000
-0.017645,0.998864,0.044263,0.106529,-0.771478,-0.041762,0.634883,0.164216,0.636011,-0.022946,0.771339,0.169066,0.000000,0.000000,0.000000,1.000000
-0.021261,0.998977,0.039905,0.109511,-0.771609,-0.041776,0.634724,0.164218,0.635742,-0.017296,0.771708,0.168865,0.000000,0.000000,0.000000,1.000000
-0.024892,0.999042,0.035997,0.112480,-0.771908,-0.042089,0.634339,0.164220,0.635246,-0.011996,0.772217,0.168639,0.000000,0.000000,0.000000,1.000000
-0.028461,0.999066,0.032503,0.115438,-0.772295,-0.042622,0.633832,0.164202,0.634626,-0.007062,0.772787,0.168423,0.000000,0.000000,0.000000,1.000000
-0.031677,0.999068,0.029305,0.118340,-0.772653,-0.043076,0.633366,0.164165,0.634038,-0.002580,0.773298,0.168191,0.000000,0.000000,0.000000,1.000000
-0.034282,0.999070,0.026166,0.121160,-0.772845,-0.043101,0.633129,0.164092,0.633668,0.001483,0.773604,0.168173,0.000000,0.000000,0.000000,1.000000
-0.037015,0.999043,0.023326,0.123970,-0.772722,-0.043415,0.633258,0.163991,0.633664,0.005415,0.773589,0.168006,0.000000,0.000000,0.000000,1.000000
-0.039651,0.999001,0.020598,0.126742,-0.772765,-0.043727,0.633184,0.163896,0.633453,0.009188,0.773727,0.167844,0.000000,0.000000,0.000000,1.000000
-0.041764,0.998965,0.018031,0.129424,-0.773172,-0.043744,0.632686,0.163830,0.632820,0.012482,0.774198,0.167713,0.000000,0.000000,0.000000,1.000000
-0.043173,0.998949,0.015433,0.131991,-0.773541,-0.043199,0.632273,0.163778,0.632275,0.015359,0.774592,0.167561,0.000000,0.000000,0.000000,1.000000
-0.043919,0.998959,0.012338,0.134452,-0.773262,-0.041810,0.632707,0.163702,0.632564,0.018248,0.774293,0.167344,0.000000,0.000000,0.000000,1.000000
-0.044195,0.998983,0.008892,0.136818,-0.772178,-0.039806,0.634158,0.163564,0.633867,0.021160,0.773153,0.167036,0.000000,0.000000,0.000000,1.000000
-0.044292,0.999003,0.005593,0.139137,-0.770570,-0.037726,0.636237,0.163348,0.635814,0.023871,0.771473,0.166664,0.000000,0.000000,0.000000,1.000000
-0.044370,0.999011,0.002826,0.141452,-0.769025,-0.035961,0.638207,0.163084,0.637677,0.026144,0.769860,0.166282,0.000000,0.000000,0.000000,1.000000
-0.044145,0.999025,0.000599,0.143763,-0.768120,-0.034325,0.639385,0.162837,0.638783,0.027766,0.768886,0.165940,0.000000,0.000000,0.000000,1.000000
-0.043592,0.999048,-0.001910,0.146069,-0.767586,-0.032269,0.640133,0.162597,0.639462,0.029370,0.768262,0.165633,0.000000,0.000000,0.000000,1.000000
-0.043159,0.999057,-0.004783,0.148418,-0.766956,-0.030064,0.640995,0.162300,0.640246,0.031333,0.767531,0.165341,0.000000,0.000000,0.000000,1.000000
-0.043224,0.999032,-0.008161,0.150847,-0.766058,-0.027899,0.642166,0.161923,0.641317,0.034009,0.766522,0.165057,0.000000,0.000000,0.000000,1.000000
-0.043812,0.998966,-0.012168,0.153360,-0.764732,-0.025697,0.643836,0.161485,0.642857,0.037513,0.765067,0.164758,0.000000,0.000000,0.000000,1.000000
-0.044685,0.998866,-0.016403,0.155964,-0.763307,-0.023545,0.645607,0.161042,0.644489,0.041370,0.763493,0.164470,0.000000,0.000000,0.000000,1.000000
-0.045520,0.998745,-0.020897,0.158666,-0.762767,-0.021242,0.646325,0.160681,0.645070,0.045360,0.762776,0.164308,0.000000,0.000000,0.000000,1.000000
-0.046845,0.998568,-0.025831,0.161513,-0.763142,-0.019091,0.645949,0.160372,0.644531,0.049972,0.762944,0.164299,0.000000,0.000000,0.000000,1.000000
-0.048865,0.998323,-0.031030,0.165156,-0.763824,-0.017334,0.645191,0.160190,0.643572,0.055229,0.763391,0.165349,0.000000,0.000000,0.000000,1.000000
-0.051972,0.997947,-0.037429,0.168606,-0.764014,-0.015598,0.645012,0.159905,0.643104,0.062119,0.763256,0.165810,0.000000,0.000000,0.000000,1.000000
-0.055861,0.997403,-0.045460,0.172064,-0.763142,-0.013293,0.646094,0.159550,0.643812,0.070784,0.761903,0.166027,0.000000,0.000000,0.000000,1.000000
-0.060321,0.996700,-0.054314,0.175596,-0.761500,-0.010771,0.648075,0.159177,0.645352,0.080453,0.759637,0.166152,0.000000,0.000000,0.000000,1.000000
-0.065656,0.995836,-0.063252,0.179273,-0.759887,-0.008814,0.649996,0.158827,0.646732,0.090740,0.757301,0.166334,0.000000,0.000000,0.000000,1.000000
-0.072277,0.994674,-0.073487,0.183116,-0.758965,-0.007047,0.651094,0.158540,0.647108,0.102833,0.755432,0.166707,0.000000,0.000000,0.000000,1.000000
-0.080166,0.992990,-0.086858,0.186753,-0.759225,-0.004366,0.650813,0.158243,0.645872,0.118118,0.754253,0.167915,0.000000,0.000000,0.000000,1.000000
-0.088638,0.990833,-0.101951,0.190634,-0.759483,-0.001007,0.650526,0.158093,0.644460,0.135091,0.752610,0.168892,0.000000,0.000000,0.000000,1.000000
-0.097277,0.988297,-0.117499,0.194556,-0.759448,0.002594,0.650563,0.158026,0.643254,0.152519,0.750308,0.169795,0.000000,0.000000,0.000000,1.000000
-0.105636,0.985431,-0.133291,0.198470,-0.759510,0.006565,0.650462,0.158035,0.641861,0.169948,0.747752,0.170714,0.000000,0.000000,0.000000,1.000000
-0.113800,0.982205,-0.149411,0.202405,-0.759669,0.010894,0.650219,0.158084,0.640276,0.187498,0.744910,0.171712,0.000000,0.000000,0.000000,1.000000
-0.122496,0.978561,-0.165566,0.206420,-0.759171,0.015064,0.650717,0.158084,0.639261,0.205404,0.741050,0.172792,0.000000,0.000000,0.000000,1.000000
-0.132066,0.974493,-0.181445,0.209561,-0.758077,0.018643,0.651898,0.157616,0.638653,0.223643,0.736279,0.174375,0.000000,0.000000,0.000000,1.000000
-0.142366,0.969955,-0.197282,0.213394,-0.756845,0.021776,0.653231,0.157451,0.637901,0.242310,0.731005,0.175781,0.000000,0.000000,0.000000,1.000000
-0.153233,0.964433,-0.215379,0.217377,-0.755664,0.026088,0.654440,0.157458,0.636783,0.263036,0.724790,0.177236,0.000000,0.000000,0.000000,1.000000
-0.164634,0.957871,-0.235329,0.221345,-0.754394,0.031423,0.655669,0.157533,0.635441,0.285476,0.717438,0.178783,0.000000,0.000000,0.000000,1.000000
-0.176144,0.950849,-0.254674,0.225257,-0.753129,0.036417,0.656865,0.157608,0.633854,0.307505,0.709697,0.180378,0.000000,0.000000,0.000000,1.000000
-0.187592,0.943858,-0.271920,0.229121,-0.752095,0.040040,0.657838,0.157680,0.631793,0.327915,0.702360,0.181978,0.000000,0.000000,0.000000,1.000000
-0.198800,0.937103,-0.286909,0.232202,-0.751389,0.042210,0.658508,0.157325,0.629200,0.346492,0.695738,0.183625,0.000000,0.000000,0.000000,1.000000
-0.209654,0.930300,-0.300979,0.235693,-0.750108,0.044426,0.659822,0.157319,0.627203,0.364100,0.688511,0.185128,0.000000,0.000000,0.000000,1.000000
-0.220567,0.922721,-0.316127,0.239228,-0.747682,0.048183,0.662307,0.157442,0.626356,0.382446,0.679274,0.186554,0.000000,0.000000,0.000000,1.000000
-0.231686,0.914049,-0.332921,0.242692,-0.745146,0.053254,0.664772,0.157640,0.625363,0.402094,0.668761,0.188052,0.000000,0.000000,0.000000,1.000000
-0.242750,0.904727,-0.350061,0.246051,-0.743444,0.058313,0.666251,0.157895,0.623188,0.421983,0.658458,0.189686,0.000000,0.000000,0.000000,1.000000
-0.253624,0.895528,-0.365657,0.249312,-0.742493,0.062052,0.666973,0.158209,0.619983,0.440659,0.649185,0.191392,0.000000,0.000000,0.000000,1.000000
-0.263863,0.887020,-0.378909,0.251164,-0.742139,0.064227,0.667162,0.158569,0.616122,0.457243,0.641344,0.193427,0.000000,0.000000,0.000000,1.000000
-0.272959,0.879608,-0.389594,0.253689,-0.742333,0.065009,0.666870,0.159106,0.611912,0.471237,0.635217,0.195214,0.000000,0.000000,0.000000,1.000000
-0.280286,0.873550,-0.397933,0.256277,-0.743753,0.064447,0.665341,0.159802,0.606854,0.482449,0.631642,0.196914,0.000000,0.000000,0.000000,1.000000
-0.286038,0.868906,-0.403962,0.258741,-0.746374,0.062347,0.662600,0.160652,0.600923,0.491035,0.630695,0.198584,0.000000,0.000000,0.000000,1.000000
-0.290797,0.865080,-0.408747,0.261009,-0.749019,0.059983,0.659828,0.161678,0.595321,0.498036,0.630518,0.200159,0.000000,0.000000,0.000000,1.000000
-0.294410,0.861522,-0.413644,0.262982,-0.751537,0.058659,0.657078,0.162994,0.590351,0.504320,0.630196,0.201608,0.000000,0.000000,0.000000,1.000000
-0.296519,0.858297,-0.418810,0.264623,-0.754504,0.058315,0.653699,0.164663,0.585491,0.509828,0.630298,0.202960,0.000000,0.000000,0.000000,1.000000
-0.296841,0.855769,-0.423728,0.265143,-0.758443,0.058328,0.649125,0.166373,0.580216,0.514060,0.631737,0.204355,0.000000,0.000000,0.000000,1.000000
-0.296014,0.853969,-0.427918,0.265934,-0.763026,0.058090,0.643752,0.168515,0.574602,0.517072,0.634405,0.205626,0.000000,0.000000,0.000000,1.000000
-0.294316,0.852742,-0.431519,0.266614,-0.767792,0.057894,0.638078,0.170909,0.569098,0.519113,0.637690,0.206789,0.000000,0.000000,0.000000,1.000000
-0.291536,0.852125,-0.434614,0.267003,-0.772613,0.058118,0.632212,0.173520,0.563983,0.520101,0.641419,0.207823,0.000000,0.000000,0.000000,1.000000
-0.287462,0.852440,-0.436706,0.267059,-0.777713,0.058388,0.625902,0.176345,0.559043,0.519555,0.646169,0.208726,0.000000,0.000000,0.000000,1.000000
-0.282245,0.853824,-0.437404,0.266784,-0.783272,0.058159,0.618953,0.179138,0.553916,0.517303,0.652361,0.210253,0.000000,0.000000,0.000000,1.000000
-0.276623,0.856171,-0.436407,0.266214,-0.788698,0.057184,0.612116,0.182176,0.549031,0.513519,0.659441,0.211181,0.000000,0.000000,0.000000,1.000000
-0.270863,0.859193,-0.434075,0.265293,-0.793945,0.055584,0.605443,0.185345,0.544320,0.508624,0.667096,0.211790,0.000000,0.000000,0.000000,1.000000
-0.265187,0.862555,-0.430900,0.264008,-0.798983,0.053576,0.598962,0.188620,0.539723,0.503119,0.674959,0.212184,0.000000,0.000000,0.000000,1.000000
-0.259762,0.866175,-0.426924,0.262423,-0.803996,0.050895,0.592452,0.191976,0.534896,0.497142,0.683181,0.212426,0.000000,0.000000,0.000000,1.000000
-0.254591,0.870100,-0.422031,0.260598,-0.808968,0.047495,0.585931,0.195375,0.529863,0.490582,0.691791,0.212551,0.000000,0.000000,0.000000,1.000000
-0.249741,0.874176,-0.416468,0.258551,-0.813741,0.043647,0.579587,0.198774,0.524838,0.483644,0.700452,0.212597,0.000000,0.000000,0.000000,1.000000
-0.244702,0.878295,-0.410754,0.257496,-0.818971,0.039554,0.572470,0.202722,0.519045,0.476480,0.709619,0.214777,0.000000,0.000000,0.000000,1.000000
-0.238925,0.882458,-0.405195,0.255276,-0.824682,0.035897,0.564456,0.206342,0.512654,0.469020,0.719170,0.215575,0.000000,0.000000,0.000000,1.000000
-0.232777,0.886488,-0.399942,0.252495,-0.830721,0.032588,0.555735,0.209806,0.505686,0.461602,0.728838,0.215930,0.000000,0.000000,0.000000,1.000000
-0.226719,0.890221,-0.395101,0.249394,-0.836540,0.029767,0.547096,0.213117,0.498798,0.454555,0.737957,0.216138,0.000000,0.000000,0.000000,1.000000
-0.220861,0.893549,-0.390885,0.246065,-0.841927,0.027634,0.538883,0.216247,0.492319,0.448115,0.746200,0.216315,0.000000,0.000000,0.000000,1.000000
-0.215684,0.896197,-0.387700,0.243781,-0.847135,0.025732,0.530755,0.219860,0.485637,0.442909,0.753650,0.217837,0.000000,0.000000,0.000000,1.000000
-0.210654,0.899009,-0.383938,0.240539,-0.851813,0.023889,0.523301,0.222883,0.479624,0.437279,0.760755,0.218535,0.000000,0.000000,0.000000,1.000000
-0.205129,0.902282,-0.379221,0.236851,-0.856187,0.022299,0.516185,0.225622,0.474201,0.430569,0.767948,0.218932,0.000000,0.000000,0.000000,1.000000
-0.198516,0.906045,-0.373730,0.232868,-0.860149,0.021734,0.509580,0.228155,0.469825,0.422624,0.775019,0.219180,0.000000,0.000000,0.000000,1.000000
-0.190836,0.910437,-0.366995,0.228678,-0.863718,0.021915,0.503498,0.230468,0.466446,0.413066,0.782179,0.219315,0.000000,0.000000,0.000000,1.000000
-0.182986,0.915515,-0.358256,0.224410,-0.866989,0.021535,0.497862,0.232513,0.463516,0.401706,0.789801,0.219336,0.000000,0.000000,0.000000,1.000000
-0.176458,0.920744,-0.347985,0.220603,-0.870037,0.019434,0.492603,0.234345,0.460324,0.389684,0.797652,0.219599,0.000000,0.000000,0.000000,1.000000
-0.172135,0.925628,-0.337021,0.216695,-0.872088,0.015899,0.489091,0.235759,0.458074,0.378101,0.804492,0.219603,0.000000,0.000000,0.000000,1.000000
-0.168745,0.930082,-0.326301,0.212775,-0.873660,0.012130,0.486385,0.236860,0.456336,0.367152,0.810529,0.219555,0.000000,0.000000,0.000000,1.000000
-0.165099,0.934764,-0.314577,0.208798,-0.874547,0.008708,0.484863,0.237678,0.455972,0.355162,0.816057,0.219394,0.000000,0.000000,0.000000,1.000000
-0.161340,0.939553,-0.302011,0.204752,-0.874909,0.005421,0.484257,0.238181,0.456622,0.342362,0.821149,0.219138,0.000000,0.000000,0.000000,1.000000
-0.157582,0.944499,-0.288252,0.200671,-0.875185,0.001629,0.483785,0.238367,0.457404,0.328509,0.826355,0.218869,0.000000,0.000000,0.000000,1.000000
-0.153239,0.949444,-0.273997,0.196893,-0.876036,-0.002222,0.482241,0.238588,0.457252,0.313929,0.832087,0.219084,0.000000,0.000000,0.000000,1.000000
-0.148573,0.953875,-0.260860,0.192809,-0.877165,-0.005314,0.480159,0.238515,0.456625,0.300156,0.837496,0.219144,0.000000,0.000000,0.000000,1.000000
-0.144193,0.957287,-0.250619,0.188617,-0.878066,-0.006991,0.478488,0.238256,0.456298,0.289055,0.841569,0.219249,0.000000,0.000000,0.000000,1.000000
-0.140486,0.959453,-0.244363,0.184411,-0.878197,-0.006782,0.478252,0.237812,0.457203,0.281786,0.843541,0.219450,0.000000,0.000000,0.000000,1.000000
-0.137752,0.960607,-0.241369,0.180252,-0.877483,-0.005330,0.479578,0.237162,0.459399,0.277860,0.843651,0.219752,0.000000,0.000000,0.000000,1.000000
-0.135529,0.961456,-0.239235,0.176151,-0.876372,-0.003696,0.481620,0.236352,0.462173,0.274932,0.843095,0.220130,0.000000,0.000000,0.000000,1.000000
-0.131891,0.962791,-0.235878,0.172255,-0.875499,-0.001547,0.483218,0.235878,0.464873,0.270243,0.843127,0.220804,0.000000,0.000000,0.000000,1.000000
-0.127039,0.964684,-0.230752,0.168150,-0.875183,0.000470,0.483792,0.235152,0.466814,0.263411,0.844215,0.221343,0.000000,0.000000,0.000000,1.000000
-0.121520,0.966779,-0.224879,0.163945,-0.875324,0.002448,0.483531,0.234307,0.468019,0.255601,0.845947,0.221900,0.000000,0.000000,0.000000,1.000000
-0.116378,0.968592,-0.219741,0.159714,-0.875490,0.004434,0.483216,0.233314,0.469013,0.248617,0.847476,0.222499,0.000000,0.000000,0.000000,1.000000
-0.112683,0.969867,-0.216012,0.155556,-0.875106,0.006101,0.483893,0.232156,0.470629,0.243559,0.848049,0.223069,0.000000,0.000000,0.000000,1.000000
-0.110350,0.970818,-0.212924,0.151514,-0.873964,0.007237,0.485937,0.230893,0.473297,0.239711,0.847661,0.223507,0.000000,0.000000,0.000000,1.000000
-0.107848,0.971873,-0.209361,0.147534,-0.872323,0.008509,0.488856,0.229911,0.476887,0.235353,0.846870,0.224226,0.000000,0.000000,0.000000,1.000000
-0.104137,0.973162,-0.205211,0.143435,-0.870376,0.010667,0.492271,0.228651,0.481249,0.229874,0.845906,0.224423,0.000000,0.000000,0.000000,1.000000
-0.099129,0.974681,-0.200426,0.139239,-0.868275,0.013665,0.495896,0.227253,0.486079,0.223182,0.844936,0.224344,0.000000,0.000000,0.000000,1.000000
-0.093983,0.976186,-0.195519,0.135037,-0.866038,0.016706,0.499699,0.225777,0.491066,0.216290,0.843844,0.224125,0.000000,0.000000,0.000000,1.000000
-0.089735,0.977472,-0.191041,0.130883,-0.863506,0.019226,0.503972,0.224264,0.496291,0.210189,0.842328,0.223843,0.000000,0.000000,0.000000,1.000000
-0.085584,0.978551,-0.187385,0.126681,-0.860539,0.022188,0.508901,0.222761,0.502144,0.204806,0.840182,0.223515,0.000000,0.000000,0.000000,1.000000
-0.080235,0.979387,-0.185372,0.121740,-0.857106,0.027150,0.514424,0.221931,0.508853,0.200158,0.837261,0.223172,0.000000,0.000000,0.000000,1.000000
-0.074044,0.980146,-0.183935,0.117062,-0.853350,0.033172,0.520282,0.220649,0.516054,0.195485,0.833951,0.222797,0.000000,0.000000,0.000000,1.000000
-0.068113,0.981044,-0.181419,0.112526,-0.849521,0.038319,0.526162,0.219191,0.523140,0.189957,0.830807,0.222437,0.000000,0.000000,0.000000,1.000000
-0.062485,0.982225,-0.177004,0.108046,-0.846252,0.041880,0.531135,0.217707,0.529107,0.182978,0.828592,0.222180,0.000000,0.000000,0.000000,1.000000
-0.056446,0.983630,-0.171134,0.103486,-0.844349,0.044444,0.533947,0.216277,0.532812,0.174636,0.828018,0.222128,0.000000,0.000000,0.000000,1.000000
-0.049792,0.985215,-0.163927,0.098817,-0.843956,0.046267,0.534413,0.214891,0.534096,0.164957,0.829175,0.222294,0.000000,0.000000,0.000000,1.000000
-0.042854,0.986889,-0.155611,0.093816,-0.844452,0.047456,0.533525,0.213865,0.533915,0.154269,0.831346,0.222665,0.000000,0.000000,0.000000,1.000000
-0.037085,0.988528,-0.146413,0.089166,-0.844895,0.047224,0.532844,0.212608,0.533645,0.143464,0.833451,0.222949,0.000000,0.000000,0.000000,1.000000
-0.032163,0.990099,-0.136638,0.084740,-0.844644,0.046164,0.533334,0.211269,0.534361,0.132564,0.834796,0.223095,0.000000,0.000000,0.000000,1.000000
-0.026823,0.991508,-0.127252,0.080371,-0.843590,0.045845,0.535027,0.209893,0.536317,0.121700,0.835197,0.223107,0.000000,0.000000,0.000000,1.000000
-0.020848,0.992662,-0.119112,0.075989,-0.841464,0.046916,0.538272,0.208435,0.539910,0.111450,0.834312,0.223026,0.000000,0.000000,0.000000,1.000000
-0.015231,0.993516,-0.112667,0.071628,-0.838692,0.048655,0.542428,0.206847,0.544393,0.102755,0.832513,0.222964,0.000000,0.000000,0.000000,1.000000
-0.010398,0.994237,-0.106701,0.066621,-0.835831,0.049931,0.546712,0.205407,0.548889,0.094868,0.830494,0.222732,0.000000,0.000000,0.000000,1.000000
-0.006119,0.994993,-0.099757,0.062141,-0.833820,0.049991,0.549768,0.203904,0.552002,0.086543,0.829339,0.222749,0.000000,0.000000,0.000000,1.000000
-0.001257,0.995810,-0.091441,0.057790,-0.832961,0.049555,0.551108,0.202498,0.553330,0.076859,0.829409,0.222904,0.000000,0.000000,0.000000,1.000000
0.004436,0.996610,-0.082146,0.053434,-0.832705,0.049166,0.551530,0.201152,0.553700,0.065956,0.830100,0.223119,0.000000,0.000000,0.000000,1.000000
0.010640,0.997316,-0.072442,0.049056,-0.831847,0.049031,0.552835,0.199736,0.554903,0.054379,0.830136,0.223322,0.000000,0.000000,0.000000,1.000000
0.016967,0.997901,-0.062488,0.044734,-0.830078,0.048899,0.555499,0.198220,0.557389,0.042445,0.829166,0.223533,0.000000,0.000000,0.000000,1.000000
0.023230,0.998392,-0.051709,0.040341,-0.828440,0.048176,0.558002,0.196799,0.559596,0.029876,0.828227,0.223836,0.000000,0.000000,0.000000,1.000000
0.028685,0.998759,-0.040714,0.036358,-0.827509,0.046575,0.559517,0.195449,0.560719,0.017641,0.827818,0.224336,0.000000,0.000000,0.000000,1.000000
0.033501,0.998978,-0.030343,0.032618,-0.827089,0.044754,0.560287,0.194176,0.561072,0.006326,0.827743,0.225000,0.000000,0.000000,0.000000,1.000000
0.040086,0.998979,-0.020825,0.028792,-0.827049,0.044868,0.560336,0.192983,0.560699,-0.005239,0.828003,0.225693,0.000000,0.000000,0.000000,1.000000
0.050185,0.998669,-0.011887,0.024694,-0.826709,0.048216,0.560560,0.191865,0.560387,-0.018305,0.828029,0.226198,0.000000,0.000000,0.000000,1.000000
0.062279,0.998048,-0.004591,0.020445,-0.825144,0.054076,0.562328,0.190747,0.561479,-0.031233,0.826901,0.226379,0.000000,0.000000,0.000000,1.000000
0.074724,0.997204,0.000027,0.016188,-0.822080,0.061586,0.566031,0.189213,0.564447,-0.042318,0.824384,0.225936,0.000000,0.000000,0.000000,1.000000
0.085156,0.996367,0.001304,0.012328,-0.818594,0.069216,0.570186,0.187826,0.568024,-0.049622,0.821514,0.225608,0.000000,0.000000,0.000000,1.000000
0.092973,0.995666,-0.002163,0.008991,-0.814997,0.077350,0.574280,0.186376,0.571958,-0.051630,0.818656,0.225402,0.000000,0.000000,0.000000,1.000000
0.098305,0.995097,-0.010845,0.006285,-0.810341,0.086369,0.579558,0.184695,0.577654,-0.048185,0.814859,0.225229,0.000000,0.000000,0.000000,1.000000
0.101391,0.994615,-0.021491,0.004333,-0.804346,0.094669,0.586570,0.182719,0.585446,-0.042187,0.809613,0.224996,0.000000,0.000000,0.000000,1.000000
0.102185,0.994325,-0.029598,0.003261,-0.798446,0.099729,0.593749,0.180519,0.593332,-0.037040,0.804105,0.224760,0.000000,0.000000,0.000000,1.000000
0.100246,0.994420,-0.032846,0.003143,-0.794592,0.099882,0.598872,0.178218,0.598811,-0.033935,0.800171,0.224757,0.000000,0.000000,0.000000,1.000000
0.095079,0.994938,-0.032529,0.003959,-0.793512,0.095480,0.601017,0.175865,0.601081,-0.031332,0.798574,0.225088,0.000000,0.000000,0.000000,1.000000
0.087369,0.995646,-0.032477,0.005562,-0.794000,0.089289,0.601324,0.173494,0.601606,-0.026751,0.798345,0.225733,0.000000,0.000000,0.000000,1.000000
0.079432,0.996165,-0.036691,0.007634,-0.793930,0.085478,0.601971,0.171103,0.602799,-0.018686,0.797674,0.226543,0.000000,0.000000,0.000000,1.000000
0.073537,0.996255,-0.045473,0.009915,-0.791590,0.086043,0.604964,0.168647,0.606612,-0.008491,0.794953,0.227345,0.000000,0.000000,0.000000,1.000000
0.069065,0.995953,-0.057504,0.012406,-0.787182,0.089816,0.610146,0.166073,0.612841,0.003126,0.790200,0.228130,0.000000,0.000000,0.000000,1.000000
0.063886,0.995429,-0.070995,0.015230,-0.782338,0.094123,0.615701,0.163347,0.619569,0.016207,0.784775,0.229000,0.000000,0.000000,0.000000,1.000000
0.055995,0.994839,-0.084615,0.018562,-0.778387,0.096572,0.620313,0.160463,0.625283,0.031129,0.779777,0.230067,0.000000,0.000000,0.000000,1.000000
0.045031,0.994182,-0.097854,0.022425,-0.775131,0.096565,0.624377,0.157329,0.630194,0.047733,0.774970,0.231271,0.000000,0.000000,0.000000,1.000000
0.031817,0.993429,-0.109941,0.026749,-0.771418,0.094349,0.629295,0.153842,0.635533,0.064788,0.769351,0.232465,0.000000,0.000000,0.000000,1.000000
0.017544,0.992603,-0.120131,0.031358,-0.766662,0.090481,0.635644,0.149951,0.641812,0.080948,0.762578,0.233560,0.000000,0.000000,0.000000,1.000000
0.002952,0.991592,-0.129369,0.036078,-0.762148,0.085985,0.641668,0.145798,0.647396,0.096704,0.755994,0.234693,0.000000,0.000000,0.000000,1.000000
-0.011234,0.990219,-0.139067,0.040786,-0.760287,0.081875,0.644407,0.141723,0.649491,0.112971,0.751931,0.236194,0.000000,0.000000,0.000000,1.000000
-0.024375,0.988524,-0.149084,0.045365,-0.761045,0.078351,0.643950,0.137949,0.648241,0.129156,0.750401,0.238108,0.000000,0.000000,0.000000,1.000000
-0.037128,0.986235,-0.161126,0.049849,-0.760159,0.076790,0.645183,0.134264,0.648675,0.146436,0.746845,0.240032,0.000000,0.000000,0.000000,1.000000
-0.050161,0.983543,-0.173570,0.054321,-0.756895,0.075949,0.649108,0.130592,0.651608,0.163934,0.740630,0.241783,0.000000,0.000000,0.000000,1.000000
-0.064241,0.980573,-0.185340,0.058800,-0.752688,0.074334,0.654168,0.126945,0.655236,0.181528,0.733289,0.243463,0.000000,0.000000,0.000000,1.000000
-0.078377,0.977688,-0.194895,0.063222,-0.749631,0.071079,0.658028,0.123480,0.657199,0.197674,0.727334,0.245065,0.000000,0.000000,0.000000,1.000000
-0.090434,0.974969,-0.203119,0.067293,-0.748124,0.068118,0.660053,0.120445,0.657367,0.211650,0.723238,0.246655,0.000000,0.000000,0.000000,1.000000
-0.100407,0.971978,-0.212551,0.070937,-0.746447,0.067655,0.661997,0.117810,0.657826,0.225127,0.718737,0.248118,0.000000,0.000000,0.000000,1.000000
-0.109585,0.968403,-0.224023,0.074284,-0.743682,0.069657,0.664895,0.115525,0.659491,0.239465,0.712551,0.249471,0.000000,0.000000,0.000000,1.000000
-0.119211,0.964413,-0.236002,0.077498,-0.740196,0.072097,0.668514,0.113507,0.661739,0.254382,0.705260,0.250754,0.000000,0.000000,0.000000,1.000000
-0.129183,0.960393,-0.246896,0.080613,-0.737042,0.073573,0.671830,0.111741,0.663385,0.268762,0.698346,0.251925,0.000000,0.000000,0.000000,1.000000
-0.120626,0.975507,-0.183947,0.068868,-0.700397,0.047681,0.712159,0.092268,0.703487,0.214741,0.677490,0.209000,0.000000,0.000000,0.000000,1.000000
-0.111224,0.977584,-0.178768,0.064947,-0.699561,0.050749,0.712768,0.092769,0.705863,0.204336,0.678236,0.205675,0.000000,0.000000,0.000000,1.000000
-0.101435,0.979591,-0.173531,0.060857,-0.698830,0.053987,0.713248,0.093338,0.708059,0.193616,0.679091,0.202210,0.000000,0.000000,0.000000,1.000000
-0.091406,0.981665,-0.167266,0.056650,-0.697966,0.056649,0.713886,0.093952,0.710273,0.181999,0.679991,0.198582,0.000000,0.000000,0.000000,1.000000
-0.081684,0.983853,-0.159250,0.052380,-0.696804,0.057868,0.714924,0.094584,0.712596,0.169364,0.680826,0.194815,0.000000,0.000000,0.000000,1.000000
-0.072281,0.986146,-0.149305,0.048064,-0.695730,0.057410,0.716006,0.095228,0.714658,0.155630,0.681941,0.190973,0.000000,0.000000,0.000000,1.000000
-0.063338,0.988502,-0.137305,0.043775,-0.695326,0.054983,0.716588,0.099991,0.715898,0.140859,0.683848,0.194560,0.000000,0.000000,0.000000,1.000000
-0.054894,0.990846,-0.123329,0.039442,-0.695133,0.050743,0.717088,0.102045,0.716782,0.125094,0.685985,0.193241,0.000000,0.000000,0.000000,1.000000
-0.046646,0.993057,-0.107989,0.035080,-0.695471,0.045315,0.717124,0.103294,0.717039,0.108554,0.688529,0.190441,0.000000,0.000000,0.000000,1.000000
-0.038335,0.994958,-0.092679,0.030661,-0.696796,0.039862,0.716160,0.104369,0.716244,0.092033,0.691755,0.187339,0.000000,0.000000,0.000000,1.000000
-0.029931,0.996521,-0.077777,0.026180,-0.699334,0.034718,0.713951,0.105439,0.714168,0.075761,0.695862,0.184334,0.000000,0.000000,0.000000,1.000000
-0.021849,0.997775,-0.062995,0.021628,-0.702753,0.029489,0.710822,0.106491,0.711098,0.059800,0.700545,0.181514,0.000000,0.000000,0.000000,1.000000
-0.014170,0.998737,-0.048212,0.016419,-0.706437,0.024124,0.707365,0.108064,0.707634,0.044082,0.705202,0.188207,0.000000,0.000000,0.000000,1.000000
-0.006218,0.999431,-0.033167,0.011430,-0.709049,0.018981,0.704904,0.109104,0.705132,0.027900,0.708527,0.188679,0.000000,0.000000,0.000000,1.000000
0.002500,0.999841,-0.017667,0.006427,-0.710618,0.014207,0.703434,0.109877,0.703573,0.010796,0.710541,0.187138,0.000000,0.000000,0.000000,1.000000
0.011615,0.999931,-0.001895,0.001390,-0.711185,0.009593,0.702940,0.110444,0.702909,-0.006817,0.711247,0.184996,0.000000,0.000000,0.000000,1.000000
0.019938,0.999722,0.012601,-0.003652,-0.711337,0.005328,0.702831,0.110868,0.702568,-0.022977,0.711246,0.182810,0.000000,0.000000,0.000000,1.000000
0.027615,0.999303,0.025119,-0.008735,-0.711598,0.002003,0.702584,0.111271,0.702044,-0.037276,0.711158,0.180746,0.000000,0.000000,0.000000,1.000000
0.035506,0.998769,0.034644,-0.009745,-0.711765,0.000938,0.702417,0.111673,0.701519,-0.049598,0.710922,0.185250,0.000000,0.000000,0.000000,1.000000
0.044710,0.998124,0.041819,-0.013702,-0.710898,0.002378,0.703291,0.112223,0.701872,-0.061174,0.709671,0.185490,0.000000,0.000000,0.000000,1.000000
0.054984,0.997331,0.048034,-0.018672,-0.709700,0.005197,0.704485,0.112889,0.702355,-0.072826,0.708092,0.184419,0.000000,0.000000,0.000000,1.000000
0.065750,0.996337,0.054672,-0.024012,-0.708643,0.008051,0.705522,0.113626,0.702497,-0.085131,0.706576,0.183023,0.000000,0.000000,0.000000,1.000000
0.076234,0.995172,0.061817,-0.029494,-0.707711,0.010332,0.706427,0.114373,0.702377,-0.097602,0.705082,0.181618,0.000000,0.000000,0.000000,1.000000
0.086139,0.993866,0.069352,-0.035018,-0.706546,0.011863,0.707568,0.115098,0.702405,-0.109950,0.703234,0.180278,0.000000,0.000000,0.000000,1.000000
0.095238,0.992418,0.077699,-0.033910,-0.705506,0.012227,0.708598,0.115086,0.702275,-0.122303,0.701321,0.187891,0.000000,0.000000,0.000000,1.000000
0.103657,0.990853,0.086399,-0.037207,-0.704451,0.011816,0.709655,0.115598,0.702143,-0.134425,0.699232,0.189789,0.000000,0.000000,0.000000,1.000000
0.111367,0.989119,0.096132,-0.041912,-0.704434,0.010339,0.709694,0.116364,0.700978,-0.146755,0.697920,0.190021,0.000000,0.000000,0.000000,1.000000
0.119141,0.987111,0.106849,-0.047141,-0.705421,0.008426,0.708738,0.117280,0.698703,-0.159814,0.697333,0.189854,0.000000,0.000000,0.000000,1.000000
0.127674,0.984788,0.117866,-0.052636,-0.706876,0.006989,0.707303,0.118294,0.695720,-0.173621,0.697015,0.189639,0.000000,0.000000,0.000000,1.000000
